C:\Users\Lenovo\AppData\Local\Programs\Python\Python312\python.exe C:\Users\Lenovo\Desktop\人工智能算法精英大赛\图书馆\library_book_recommendation\data\pk.py
============================================================
=== 全局记录差异统计（基于user_id+借阅时间精确到秒） ===
两个文件中所有唯一记录总数: 81994
仅在文件2中存在的新增记录: 0 (0.00%)
仅在文件1中存在的消失记录: 0 (0.00%)
唯一键相同但book_id变化的记录: 23692 (28.89%)
总变化记录数（新增+消失+book_id变化）: 23692
============================================================

============================================================
=== 10号用户（user_id=10）的相似度统计 ===
1. 同一时间在两个文件中都存在的总记录数: 55
2. 同一时间且book_id相同的匹配记录数: 19
3. 相似度: 0.3455（34.55%）
============================================================

============================================================
=== 用户级变化指标统计 ===
1. 发生变化的用户数（至少1条变化记录）: 1283
   占总用户比例: 88.42%
2. 混乱程度>50%的用户数: 149
   这些用户的总变化记录数: 5689
============================================================

============================================================
=== 按用户分组的book_id相似度统计（基于相同时间） ===
总用户数: 1451
说明：相似度 = 同一用户同一时间的book_id匹配数 / 同一用户同一时间的总记录数
------------------------------------------------------------
0-30%: 18人 (1.24%)
30%-50%: 131人 (9.03%)
50%-80%: 778人 (53.62%)
80%-100%: 524人 (36.11%)
============================================================

============================================================
=== 100%没变化的用户ID（共168人，排序后） ===
7, 12, 13, 21, 22, 27, 47, 59, 61, 74, 77, 85, 94, 101, 112, 122, 138, 140, 146, 160, 163, 164, 170, 190, 203, 224, 239, 286, 289, 299, 301, 331, 342, 364, 397, 414, 417, 430, 442, 449, 454, 488, 499, 501, 508, 511, 516, 532, 559, 565, 569, 573, 580, 584, 591, 600, 609, 611, 621, 627, 637, 644, 647, 649, 655, 660, 688, 691, 697, 700, 707, 708, 738, 739, 740, 741, 743, 745, 746, 748, 751, 753, 758, 761, 768, 783, 790, 803, 840, 857, 879, 903, 933, 938, 942, 951, 956, 970, 984, 988, 1016, 1022, 1027, 1030, 1037, 1056, 1079, 1080, 1090, 1098, 1110, 1115, 1116, 1118, 1122, 1132, 1135, 1136, 1139, 1143, 1155, 1160, 1162, 1171, 1172, 1176, 1199, 1203, 1206, 1210, 1213, 1214, 1216, 1217, 1219, 1227, 1228, 1229, 1233, 1238, 1249, 1259, 1283, 1284, 1287, 1292, 1297, 1298, 1301, 1313, 1334, 1365, 1394, 1398, 1401, 1402, 1404, 1409, 1417, 1425, 1426, 1432, 1439, 1441, 1444, 1445, 1449, 1451
============================================================

============================================================
=== 0-30% 档位具体用户ID（排序后） ===
636, 806, 852, 896, 1170, 1191, 1208, 1271, 1290, 1304, 1310, 1361, 1364, 1375, 1388, 1399, 1428, 1433

============================================================
=== 30%-50% 档位具体用户ID（排序后） ===
10, 18, 33, 48, 82, 106, 114, 115, 119, 159, 174, 201, 204, 232, 271, 272, 275, 283, 308, 311, 314, 375, 384, 399, 401, 408, 434, 445, 476, 481, 487, 502, 515, 529, 538, 540, 548, 551, 610, 634, 635, 641, 645, 651, 701, 736, 759, 777, 785, 786, 791, 792, 794, 797, 809, 821, 826, 827, 832, 838, 839, 859, 866, 872, 876, 878, 883, 895, 898, 901, 912, 919, 920, 930, 944, 958, 960, 977, 1006, 1015, 1018, 1032, 1042, 1043, 1049, 1051, 1057, 1061, 1067, 1070, 1128, 1131, 1137, 1138, 1147, 1158, 1166, 1174, 1179, 1183, 1192, 1248, 1252, 1255, 1256, 1262, 1263, 1265, 1267, 1269, 1274, 1276, 1278, 1285, 1316, 1320, 1322, 1327, 1339, 1341, 1346, 1349, 1352, 1357, 1358, 1360, 1377, 1408, 1422, 1423, 1436
============================================================

进程已结束，退出代码为 0
